1 2
1 3
1 4
1 5
1 6
1 7
1 8
1 9
1 10
9 11
9 12
9 13
9 14
9 15
9 16
9 17
9 18
9 19
9 20
9 21
9 22
9 23
9 24
9 25
9 26
9 27
9 28
9 29
9 30
9 31
9 32
9 33
9 34
9 35
9 36
9 37
9 38
9 39
9 40
9 41
9 42
9 43
9 44
9 45
9 46
9 47
9 48
9 49
9 50
9 51
9 52
9 53
9 54
9 55
9 56
9 57
9 58
9 59
9 60
9 61
9 62
9 63
9 64
9 65
9 66
9 67
9 68
9 69
9 70
9 71
9 72
9 73
9 74
9 75
9 76
9 77
9 78
9 79
9 80
9 81
9 82
9 83
9 84
9 85
9 86
9 87
9 88
9 89
9 90
9 91
9 92
9 93
9 94
9 95
9 96
9 97
9 98
9 99
9 100
9 101
9 102
9 103
9 104
9 105
9 10
6 2
6 4
6 7
6 106
6 107
6 8
6 108
6 9
6 10
6 109
6 110
10 111
10 112
10 113
10 114
10 115
10 116
10 117
10 118
10 119
10 120
10 121
10 122
10 123
10 124
10 125
10 126
10 127
10 128
10 129
10 130
10 131
10 132
10 133
10 134
10 135
10 136
10 137
10 138
10 139
10 140
10 141
10 142
10 143
10 144
10 145
10 146
10 147
10 148
10 149
10 150
10 151
10 152
10 153
10 154
10 155
10 156
10 157
10 158
10 159
10 160
10 161
10 162
10 163
10 164
10 165
10 166
10 167
10 168
10 169
10 170
10 171
10 172
10 173
10 174
10 175
10 176
10 177
10 178
10 179
10 180
10 181
10 182
10 183
10 184
10 185
10 186
10 187
10 110
10 188
10 189
10 190
10 191
4 1
4 2
4 192
4 193
4 3
4 194
4 6
4 195
4 7
4 196
4 197
4 8
4 198
4 9
4 199
4 10
4 200
8 2
8 4
8 6
8 7
8 106
8 107
8 9
8 10
8 201
8 202
8 203
7 2
7 4
7 6
7 106
7 107
7 8
7 204
7 205
7 9
7 10
3 2
3 4
3 5
3 6
3 7
3 8
3 206
3 207
3 9
3 10
2 4
2 6
2 7
2 106
2 107
2 8
2 9
2 10
5 2
5 3
5 4
5 6
5 7
5 8
5 206
5 208
5 9
5 209
5 10
5 210
107 2
107 4
107 5
107 6
107 7
107 211
107 106
107 206
107 208
107 9
107 209
107 10
107 210
106 2
106 3
106 4
106 6
106 7
106 211
106 107
106 206
106 207
106 9
106 10
192 1
192 4
193 4
193 206
206 2
206 3
206 4
206 5
206 6
206 7
206 8
206 9
206 10
207 1
207 10
194 4
194 206
194 212
212 213
212 214
212 215
212 216
212 217
212 218
212 219
212 220
196 4
196 206
197 1
197 192
197 4
197 205
197 221
197 222
197 223
197 224
197 225
197 226
197 227
198 2
198 3
198 4
198 5
198 6
198 7
198 8
198 206
198 208
198 9
198 209
198 10
198 210
200 228
200 229
200 230
200 231
200 232
200 233
200 234
200 235
200 236
200 237
200 238
200 126
200 202
200 239
200 240
200 241
200 242
200 243
200 128
199 244
199 245
199 246
199 247
199 248
199 249
199 250
199 251
199 252
199 253
199 254
199 255
199 256
199 257
199 258
199 259
199 260
195 4
195 206
210 1
210 261
210 262
210 263
210 10
209 264
209 265
208 266
109 1
109 9
109 10
109 267
109 268
109 269
109 270
109 271
109 272
109 273
109 274
109 275
109 276
109 277
109 278
109 279
108 4
108 206
108 221
108 280
108 281
108 282
108 222
108 283
108 284
108 126
108 285
108 286
110 117
110 10
110 132
110 135
110 139
110 140
110 141
110 142
110 143
110 144
110 145
110 146
110 147
110 148
110 149
110 150
110 151
110 152
110 153
110 154
110 155
110 156
110 157
110 158
110 159
110 160
110 161
110 162
110 163
110 164
110 165
110 166
110 167
110 168
110 169
110 170
110 171
110 173
110 174
110 176
110 178
110 183
110 184
110 186
110 187
110 189
205 224
205 287
204 1
204 4
204 197
204 199
211 2
211 4
211 6
211 7
211 106
211 107
211 8
211 288
211 289
211 9
211 10
211 201
201 290
201 126
201 291
201 292
201 293
201 294
201 295
201 203
288 1
288 4
288 200
289 296
289 297
289 298
289 299
289 300
289 301
289 302
289 303
289 304
289 305
289 306
289 307
289 308
289 309
289 310
289 311
289 312
289 313
289 314
289 315
289 316
289 317
289 318
289 319
289 320
289 321
289 322
289 323
289 324
289 325
289 326
289 327
289 328
289 329
289 330
289 331
289 332
289 333
289 334
289 335
289 336
289 337
289 338
289 339
289 340
289 341
289 342
289 343
289 344
289 345
289 346
289 347
289 348
289 349
289 350
289 351
289 352
289 353
289 354
289 355
289 356
289 357
289 358
289 359
289 360
289 361
289 362
289 363
289 364
289 365
289 366
289 367
289 368
289 369
289 370
289 371
289 372
289 373
289 374
289 375
226 10
226 376
226 377
226 378
226 287
226 379
226 380
221 381
221 382
221 383
221 384
221 385
221 386
221 387
221 388
221 389
221 390
221 391
221 392
221 393
221 394
227 395
227 10
227 396
227 397
224 10
224 398
224 399
224 400
224 401
224 402
224 403
224 404
224 405
224 376
224 377
224 380
222 406
223 407
223 408
223 406
223 409
223 410
223 411
223 412
223 413
223 414
223 415
223 416
223 417
223 418
223 419
223 420
223 421
223 422
223 423
223 424
223 425
225 426
225 10
225 398
225 427
225 428
225 429
225 430
225 376
225 431
225 432
225 433
225 434
225 435
225 436
225 437
225 438
225 439
225 440
225 441
225 442
225 443
225 444
225 445
225 446
225 447
225 448
225 449
225 450
225 451
225 452
225 453
225 454
225 455
225 456
225 457
225 379
225 380
225 458
225 459
225 460
203 10
203 126
203 461
203 202
203 462
203 463
203 464
203 239
203 240
203 465
203 466
203 241
203 242
203 243
202 126
202 467
202 468
202 469
202 470
202 239
202 240
202 241
202 242
202 243
280 471
280 472
280 473
280 474
280 475
280 476
280 477
280 478
280 479
280 480
280 481
280 482
280 483
280 484
280 485
280 486
280 487
280 488
280 489
280 490
280 491
280 492
280 493
280 494
280 495
280 496
280 497
280 498
280 499
280 500
280 501
280 502
280 503
280 504
280 505
280 506
280 507
280 508
283 509
285 510
285 511
285 512
285 513
285 514
285 515
285 516
285 517
285 518
281 519
284 520
284 521
284 522
284 523
284 524
284 525
284 526
284 527
284 528
284 529
284 530
284 531
284 532
284 533
284 534
284 535
284 536
284 537
284 538
284 539
284 540
284 541
284 542
284 543
284 544
284 545
284 546
284 547
284 548
284 549
284 550
284 551
284 552
284 553
284 554
284 555
284 556
284 557
284 558
282 10
282 559
282 560
282 561
282 562
282 563
282 564
286 117
286 10
286 565
286 132
286 135
286 139
286 140
286 141
286 142
286 143
286 144
286 145
286 146
286 147
286 148
286 149
286 150
286 151
286 152
286 153
286 154
286 155
286 156
286 157
286 158
286 159
286 160
286 161
286 162
286 163
286 164
286 165
286 166
286 167
286 168
286 169
286 170
286 171
286 173
286 174
286 176
286 178
286 183
286 184
286 186
286 187
286 110
286 189
126 566
126 290
126 567
126 568
126 291
126 202
126 241
126 203
126 569
126 570
126 132
126 571
287 10
287 398
287 378
287 572
287 573
287 574
287 575
287 576
287 577
287 578
287 579
287 580
287 581
287 582
287 583
287 584
287 379
287 585
287 586
287 380
587 588
587 589
587 590
587 591
587 592
587 593
587 594
587 595
587 596
587 597
587 598
587 599
587 600
587 601
587 602
587 603
587 604
587 605
587 606
587 607
587 114
587 608
587 609
587 610
587 281
587 115
587 10
587 611
591 588
591 612
591 590
591 594
591 595
591 596
591 597
591 598
591 599
591 600
591 601
591 602
591 603
591 604
591 605
591 606
591 607
591 114
591 608
591 609
591 610
591 613
591 115
591 614
591 10
591 611
609 615
609 114
609 616
609 617
609 618
609 619
609 620
609 621
609 622
609 623
609 624
609 625
609 626
609 627
609 628
609 629
595 590
595 594
595 596
595 630
595 631
595 597
595 598
595 599
595 600
595 601
595 602
595 603
595 604
595 605
595 606
595 607
595 114
595 608
595 609
595 610
595 115
595 10
595 611
595 632
115 633
115 634
115 114
115 635
115 636
115 637
115 638
115 639
115 640
115 641
115 642
115 643
115 644
115 645
115 646
115 647
115 648
115 649
115 650
115 651
115 652
115 10
590 591
590 594
590 595
590 596
590 597
590 598
590 599
590 600
590 601
590 602
590 603
590 604
590 605
590 606
590 607
590 114
590 608
590 609
590 610
590 115
590 10
608 114
608 653
608 616
608 654
608 655
608 656
608 657
608 618
608 658
608 659
608 660
608 661
608 662
608 663
608 664
608 619
608 625
608 626
608 627
608 665
608 666
608 667
608 668
608 669
608 670
611 587
611 671
611 672
611 673
611 674